    unsorted:	 2387.733051 2477.327963 2742.112064 2714.047795 2201.961811 3213.027868 3153.915089 3015.171058 1904.945131 1817.253289 1744.555388 3626.397757 3829.786195 4075.590494 4313.807449 1339.668895 4972.968556 5079.017817 5858.117292 6266.058817 6591.299531 6876.611308 414.6708529 9221.325233 9881.222550 11402.16808 12220.10791 13317.50738 15555.60599 22361.93763 28675.31464 110565.6404 148904.1246 504092.9124
      sorted:	 414.6708529 1339.668895 1744.555388 1817.253289 1904.945131 2201.961811 2387.733051 2477.327963 2714.047795 2742.112064 3015.171058 3153.915089 3213.027868 3626.397757 3829.786195 4075.590494 4313.807449 4972.968556 5079.017817 5858.117292 6266.058817 6591.299531 6876.611308 9221.325233 9881.222550 11402.16808 12220.10791 13317.50738 15555.60599 22361.93763 28675.31464 110565.6404 148904.1246 504092.9124
